912241 368282
456289 127120
126453 510950
767154 226846
951443 58526
991738 187866
340804 856812
155891 567730
14548 70942
62170 897686
516557 344480
542881 125271
758496 941021
623186 12722
841107 693369
166996 682567
208853 861824
334221 133307
184279 149288
762113 931986
771764 374268
914263 53456
571635 489358
531920 639348
45247 93208
999983 544901
965832 286921
412217 636480
475916 128933
586583 433629
455876 538028
492355 85318
40961 544624
885761 117929
249029 680289
159485 350174
934792 847381
616337 395333
910967 305292
587415 680772
98372 830064
35761 168252
95111 129091
375307 97007
399897 661543
843829 268895
537985 891234
678555 220565
33707 37876
22381 739701
65718 929461
677898 382107
391103 780425
287199 258815
559272 902069
621410 510317
567741 110675
448843 681047
182345 739389
662568 420225
875591 290627
901076 116772
601390 924328
941324 478729
172170 464038
438927 394832
109826 639770
575095 691272
163890 351949
218627 574661
616785 700830
835862 820653
623234 567147
39067 180626
457578 425665
896565 574128
337121 671937
5548 566946
15630 783284
717175 276239
756639 164875
953613 95763
772488 378475
514388 84054
620267 210719
926730 242423
423212 106018
890348 354724
653811 185720
984863 97240
374012 301006
946209 250554
20097 75032
204516 984251
824118 920644
358901 789822
636649 881576
704646 162530
695152 333153
836104 578406
